[cam_1]
name = "1"
size = [ 1913.79, 1085.758,]
matrix = [ [ 774.534, 0.0, 956.895,], [ 0.0, 773.439, 542.879,], [ 0.0, 0.0, 1.0,],]
distortions = [ 0.015, -0.014, 0.006, -0.003,]
rotation = [ 1.853, 0.737, -0.455,]
translation = [ -0.9, 0.7, 3.831,]
fisheye = false

[cam_2]
name = "2"
size = [ 1913.79, 1085.758,]
matrix = [ [ 774.534, 0.0, 956.895,], [ 0.0, 773.439, 542.879,], [ 0.0, 0.0, 1.0,],]
distortions = [ 0.015, -0.014, 0.006, -0.003,]
rotation = [ 1.001, 1.891, -1.449,]
translation = [ -0.976, 0.73, 4.991,]
fisheye = false

[cam_3]
name = "3"
size = [ 1913.79, 1085.758,]
matrix = [ [ 774.534, 0.0, 956.895,], [ 0.0, 773.439, 542.879,], [ 0.0, 0.0, 1.0,],]
distortions = [ 0.015, -0.014, 0.006, -0.003,]
rotation = [ 1.081, -2.014, 1.359,]
translation = [ 1.88, 0.578, 4.156,]
fisheye = false

[cam_4]
name = "4"
size = [ 1913.79, 1085.758,]
matrix = [ [ 774.534, 0.0, 956.895,], [ 0.0, 773.439, 542.879,], [ 0.0, 0.0, 1.0,],]
distortions = [ 0.015, -0.014, 0.006, -0.003,]
rotation = [ 1.863, -0.874, 0.621,]
translation = [ -0.18, 0.845, 3.317,]
fisheye = false

[metadata]
adjusted = false
error = 0.0
